contigName	contigLen	totalAvgDepth	SRR10420353_mapped_all.sorted.bam	SRR10420353_mapped_all.sorted.bam-var
bin.10_k119_5632	152316	1.16516	1.16516	22.8733
bin.10_k119_5721	132952	1.43003	1.43003	144.208
bin.10_k119_21425	284226	3.06813	3.06813	115.836
bin.10_k119_19083	306152	1.21718	1.21718	19.1232
bin.10_k119_12557	773930	2.07625	2.07625	110.656
bin.10_k119_18674	93269	7.60692	7.60692	2436.89
bin.11_k119_4909	24933	0.517492	0.517492	0.901695
bin.11_k119_8676	128582	6.83705	6.83705	288.123
bin.11_k119_16677	175161	3.84727	3.84727	73.7314
bin.11_k119_15397	267875	4.40957	4.40957	437.797
bin.11_k119_5266	74233	6.00138	6.00138	103.107
bin.11_k119_6978	122937	5.35903	5.35903	309.171
bin.11_k119_3866	32231	4.38044	4.38044	62.9035
bin.11_k119_16243	475918	4.8737	4.8737	391.573
bin.11_k119_20907	477987	6.0598	6.0598	251.481
bin.11_k119_10055	133083	8.03839	8.03839	212.689
bin.11_k119_21445	410659	5.88075	5.88075	186.746
bin.11_k119_8424	90064	5.86	5.86	147.25
bin.11_k119_7274	45349	6.9521	6.9521	393.317
bin.11_k119_19950	362497	17.4058	17.4058	26119.5
bin.11_k119_15818	14906	16.9616	16.9616	2216.52
bin.11_k119_16892	65691	6.27447	6.27447	594.552
bin.11_k119_9534	382089	4.55814	4.55814	135.815
bin.11_k119_7776	218951	5.47049	5.47049	451.303
bin.12_k119_9809	27573	196.575	196.575	245585
bin.12_k119_21412	52147	8.60348	8.60348	355.298
bin.12_k119_15927	63942	16.6325	16.6325	2057.87
bin.12_k119_11668	49663	58.7606	58.7606	557020
bin.12_k119_4382	108200	110.881	110.881	205640
bin.12_k119_1384	165383	26.0641	26.0641	29800.8
bin.12_k119_12270	403395	19.9742	19.9742	8787.5
bin.12_k119_12319	13881	8.7711	8.7711	482.202
bin.12_k119_14951	334406	19.0798	19.0798	8083.35
bin.12_k119_10662	271770	27.1005	27.1005	11293.4
bin.12_k119_12950	430295	13.4424	13.4424	4614.45
bin.12_k119_11424	93574	9.58603	9.58603	1080.23
bin.12_k119_19927	165803	19.348	19.348	18033.3
bin.12_k119_4485	64840	15.3325	15.3325	7210.12
bin.12_k119_11449	82312	10.7335	10.7335	1845.04
bin.12_k119_10736	173595	49.6296	49.6296	172530
bin.12_k119_8724	519753	19.4736	19.4736	11589
bin.12_k119_16764	49119	40.5147	40.5147	13868.7
bin.12_k119_10835	45079	15.5738	15.5738	16257
bin.12_k119_13254	159515	31.0641	31.0641	79549.4
bin.12_k119_13305	127994	15.8448	15.8448	33608.3
bin.12_k119_21315	7379	39.7612	39.7612	9878.3
bin.12_k119_12631	243422	23.149	23.149	78918.8
bin.12_k119_18940	5227	17.1213	17.1213	530.766
bin.12_k119_12764	141502	30.9223	30.9223	14932.1
bin.13_k119_11638	23617	5.41237	5.41237	73.867
bin.13_k119_6745	141287	9.20469	9.20469	716.692
bin.13_k119_21413	108847	8.09835	8.09835	458.213
bin.13_k119_4955	125761	25.9845	25.9845	7316.14
bin.13_k119_20303	105258	44.8501	44.8501	15884.5
bin.13_k119_19035	490590	14.0825	14.0825	2437.28
bin.13_k119_15073	107635	19.2308	19.2308	7325.12
bin.13_k119_12196	28431	181.198	181.198	98169.1
bin.13_k119_16404	343296	14.0778	14.0778	1161.83
bin.13_k119_13078	145737	6.22056	6.22056	248.815
bin.13_k119_14067	189036	27.0588	27.0588	8577.36
bin.13_k119_21793	165605	24.3575	24.3575	215536
bin.13_k119_12745	406848	9.83861	9.83861	988.952
bin.14_k119_17981	105637	0.0373411	0.0373411	0.0584426
bin.14_k119_1502	16657	0	0	0
bin.14_k119_3860	15484	0.0248467	0.0248467	0.0376659
bin.14_k119_15564	84810	0.0912355	0.0912355	0.291627
bin.14_k119_17550	191528	0.0656032	0.0656032	0.148912
bin.14_k119_20371	74760	0.0433186	0.0433186	0.0808992
bin.14_k119_15661	97764	0.0752454	0.0752454	0.976976
bin.14_k119_20986	15230	0.00722812	0.00722812	0.00717722
bin.14_k119_14645	286147	0.0181366	0.0181366	0.0249954
bin.14_k119_3876	602759	0.0292993	0.0292993	0.056835
bin.14_k119_19112	448326	0.0449154	0.0449154	0.131828
bin.14_k119_15276	587615	0.0586741	0.0586741	0.184205
bin.14_k119_18583	287651	0.038779	0.038779	0.0902999
bin.14_k119_21713	499264	0.0687659	0.0687659	0.206703
bin.14_k119_12791	105635	0.0758781	0.0758781	0.161977
bin.14_k119_21854	1.17529e+06	0.0511992	0.0511992	0.103411
bin.14_k119_21907	112606	0.0105463	0.0105463	0.0129507
bin.15_k119_2097	21782	444.192	444.192	6.94463e+06
bin.15_k119_9466	244176	385.816	385.816	1.59069e+06
bin.15_k119_12968	453576	145.977	145.977	146244
bin.15_k119_8727	149726	456.701	456.701	8.98604e+07
bin.15_k119_13821	859775	115.299	115.299	78815.6
bin.15_k119_17126	470346	241.932	241.932	542339
bin.1_k119_6508	251506	58.7957	58.7957	648589
bin.1_k119_21897	2.41251e+06	50.7275	50.7275	370135
bin.2_k119_12908	9247	0.345059	0.345059	1.35597
bin.2_k119_4392	118443	0.96179	0.96179	4.57016
bin.2_k119_13677	108031	1.74416	1.74416	35.9756
bin.2_k119_9834	327643	2.16674	2.16674	57.2115
bin.2_k119_14458	312425	2.44473	2.44473	1152.34
bin.3_k119_15936	27797	85.5769	85.5769	230710
bin.3_k119_3792	79729	46.281	46.281	10058.8
bin.3_k119_19701	228527	113.66	113.66	162825
bin.3_k119_6867	25986	213.397	213.397	594946
bin.3_k119_9190	194789	816.424	816.424	2.96639e+07
bin.3_k119_11286	66744	35.7784	35.7784	3983.48
bin.3_k119_15580	83245	121.492	121.492	101034
bin.3_k119_7355	913651	125.497	125.497	154969
bin.3_k119_16760	603334	105.933	105.933	1.65404e+06
bin.3_k119_10807	298608	288.821	288.821	1.86634e+06
bin.3_k119_21656	343659	414.864	414.864	1.02198e+08
bin.3_k119_12603	265969	243.76	243.76	808337
bin.3_k119_12755	206963	89.0738	89.0738	213927
bin.4_k119_14186	24278	3.40662	3.40662	19.7157
bin.4_k119_17144	201887	4.51476	4.51476	129.747
bin.4_k119_8688	17993	7.72667	7.72667	167.924
bin.5_k119_7964	4098	6.98075	6.98075	90.0277
bin.5_k119_18375	16381	39.6643	39.6643	27133.7
bin.5_k119_13556	18145	15.9177	15.9177	801.333
bin.5_k119_86	52945	49.1961	49.1961	43172.9
bin.5_k119_8090	29675	235.16	235.16	1.57265e+06
bin.5_k119_9183	139042	55.0411	55.0411	21243.4
bin.5_k119_3250	11603	13.7342	13.7342	107.764
bin.5_k119_3311	2996	9.87034	9.87034	196.183
bin.5_k119_1973	96270	23.2445	23.2445	35365.4
bin.5_k119_213	3573	9.21297	9.21297	33.3053
bin.5_k119_226	22481	84.975	84.975	10401.2
bin.5_k119_20815	261053	96.922	96.922	330958
bin.5_k119_6838	60232	33.2399	33.2399	2616.82
bin.5_k119_8162	109633	94.8204	94.8204	39095.2
bin.5_k119_2086	15654	9.45846	9.45846	2488.89
bin.5_k119_6919	20857	17.5432	17.5432	1704.03
bin.5_k119_11982	81993	72.5468	72.5468	133602
bin.5_k119_3854	106726	20.1718	20.1718	1256.64
bin.5_k119_20869	84331	11.0596	11.0596	1424.53
bin.5_k119_1107	30212	18.8076	18.8076	665.703
bin.5_k119_8185	101968	25.2175	25.2175	4041.4
bin.5_k119_9197	46593	11.7464	11.7464	1186.12
bin.5_k119_12107	3646	6.19193	6.19193	27.9235
bin.5_k119_8709	194016	22.4693	22.4693	6011.12
bin.5_k119_2934	103688	25.5554	25.5554	12887.8
bin.5_k119_3862	154420	5.06926	5.06926	84.8984
bin.5_k119_12405	29049	119.993	119.993	56288.9
bin.5_k119_13762	281485	42.6156	42.6156	32097
bin.5_k119_14591	4199	2.42776	2.42776	15.4281
bin.5_k119_6592	50274	64.7337	64.7337	40696.4
bin.5_k119_7163	193291	22.2536	22.2536	2286.58
bin.5_k119_8414	277131	21.6661	21.6661	3506.59
bin.5_k119_4591	68472	25.4511	25.4511	3166.57
bin.5_k119_20507	128861	14.2156	14.2156	1992.44
bin.5_k119_21452	16537	3.76146	3.76146	32.9484
bin.5_k119_20588	70283	27.9201	27.9201	1020.51
bin.5_k119_20941	88677	75.8826	75.8826	39379.8
bin.5_k119_20156	4407	59.5725	59.5725	1222.96
bin.5_k119_4801	283799	35.4031	35.4031	20330.5
bin.5_k119_6677	184609	20.9477	20.9477	7786.21
bin.5_k119_10920	38687	77.0543	77.0543	88752.6
bin.5_k119_10947	92350	21.2503	21.2503	4052.3
bin.5_k119_10949	36049	5.18948	5.18948	94.7435
bin.5_k119_10952	19086	248.799	248.799	5.40028e+06
bin.5_k119_7686	221934	35.1912	35.1912	152139
bin.5_k119_21210	171754	15.6342	15.6342	7372.19
bin.5_k119_21699	13880	6.42411	6.42411	62.0323
bin.5_k119_19406	77554	18.4264	18.4264	7261.42
bin.5_k119_21402	140034	19.6973	19.6973	3848.79
bin.5_k119_21403	64474	5.19568	5.19568	42.5597
bin.5_k119_19560	128978	19.0169	19.0169	1139.13
bin.5_k119_9563	28671	45.146	45.146	8660.5
bin.5_k119_21820	84361	103.7	103.7	188524
bin.5_k119_18964	145351	98.3315	98.3315	86356.3
bin.5_k119_12771	73443	11.4565	11.4565	376.189
bin.6_k119_12854	6785	14.3717	14.3717	574.695
bin.6_k119_11034	4888	10.7256	10.7256	282.819
bin.6_k119_8585	9284	9.62831	9.62831	117.669
bin.6_k119_1884	25336	35.7458	35.7458	3497.63
bin.6_k119_12871	36408	25.3847	25.3847	1749.12
bin.6_k119_16591	21900	9.15177	9.15177	219.266
bin.6_k119_14706	48936	26.5977	26.5977	5081.61
bin.6_k119_14159	6611	13.1723	13.1723	421.769
bin.6_k119_15362	26003	115.944	115.944	57771.2
bin.6_k119_8036	33395	30.2074	30.2074	6489.7
bin.6_k119_6202	45892	79.546	79.546	51230
bin.6_k119_665	30173	54.6543	54.6543	39061.5
bin.6_k119_8647	43696	37.1554	37.1554	9146.92
bin.6_k119_1301	31847	20.4784	20.4784	1989.24
bin.6_k119_3685	92352	25.7704	25.7704	6442.05
bin.6_k119_2574	16817	19.6051	19.6051	1015.79
bin.6_k119_6232	14773	87.8694	87.8694	43401.2
bin.6_k119_11112	22603	26.4258	26.4258	1764.96
bin.6_k119_3230	16097	48.253	48.253	11243.8
bin.6_k119_6252	7422	27.4021	27.4021	1540.58
bin.6_k119_16617	31575	17.4066	17.4066	505.862
bin.6_k119_2581	25636	10.9076	10.9076	3644.8
bin.6_k119_11115	31812	14.6629	14.6629	516.784
bin.6_k119_179	24107	54.7261	54.7261	14006.5
bin.6_k119_21419	15592	14.7328	14.7328	217.804
bin.6_k119_13623	84428	38.6123	38.6123	7875.02
bin.6_k119_860	6483	4.19959	4.19959	42.1679
bin.6_k119_6835	5144	2.29796	2.29796	5.99054
bin.6_k119_6281	69659	80.1064	80.1064	127617
bin.6_k119_3379	9180	9.28428	9.28428	332.413
bin.6_k119_11912	16829	15.256	15.256	610.883
bin.6_k119_936	3374	10.1297	10.1297	47.0725
bin.6_k119_20234	37931	107.81	107.81	98107.8
bin.6_k119_11149	73994	14.9111	14.9111	443.932
bin.6_k119_17999	21187	12.2931	12.2931	440.452
bin.6_k119_5636	37859	112.128	112.128	52846.6
bin.6_k119_2721	19398	6.83427	6.83427	82.4306
bin.6_k119_3402	46168	256.728	256.728	9.06563e+06
bin.6_k119_20256	15823	34.7861	34.7861	5263.75
bin.6_k119_2071	50595	30.1933	30.1933	5026.32
bin.6_k119_11180	28123	36.5737	36.5737	18094.6
bin.6_k119_1022	7706	2.04288	2.04288	5.30046
bin.6_k119_11211	5456	31.0232	31.0232	2940.42
bin.6_k119_16681	17839	13.4815	13.4815	3793.69
bin.6_k119_2810	47440	83.8537	83.8537	22629.7
bin.6_k119_9227	6379	4.59079	4.59079	53.4744
bin.6_k119_3466	75692	61.028	61.028	28512.3
bin.6_k119_8202	8577	7.71686	7.71686	103.791
bin.6_k119_20262	120914	36.878	36.878	143037
bin.6_k119_1542	14642	7.05224	7.05224	80.1645
bin.6_k119_15427	21695	53.3165	53.3165	10103.4
bin.6_k119_607	17487	19.5187	19.5187	528.264
bin.6_k119_9841	86152	98.4911	98.4911	173653
bin.6_k119_9292	37191	43.4583	43.4583	4089.21
bin.6_k119_3652	3950	281.484	281.484	73424.4
bin.6_k119_7003	8953	26.6826	26.6826	3428.82
bin.6_k119_8354	32140	35.2098	35.2098	11401.6
bin.6_k119_9849	70102	27.5875	27.5875	4114.21
bin.6_k119_1813	37608	13.9312	13.9312	348.591
bin.6_k119_7143	24256	13.1578	13.1578	271.727
bin.6_k119_9977	4823	10.456	10.456	140.981
bin.6_k119_10012	33897	26.766	26.766	4129.28
bin.6_k119_15590	25510	26.4774	26.4774	3374.1
bin.6_k119_12475	4174	2.71571	2.71571	7.33195
bin.6_k119_12488	42178	33.8441	33.8441	4664.13
bin.6_k119_14639	20224	6.62554	6.62554	49.6798
bin.6_k119_10760	25788	10.1132	10.1132	258.981
bin.6_k119_12503	43009	21.3522	21.3522	1216.64
bin.6_k119_12148	30591	70.1634	70.1634	18122
bin.6_k119_21478	22769	20.5315	20.5315	723.663
bin.6_k119_20602	30088	12.9758	12.9758	617.742
bin.6_k119_15784	104087	57.2833	57.2833	29969.1
bin.6_k119_21526	113271	25.9144	25.9144	29537.8
bin.6_k119_12972	43259	391.13	391.13	1.08185e+06
bin.6_k119_14683	32772	13.1005	13.1005	2373.48
bin.6_k119_20166	24061	3.6661	3.6661	30.6151
bin.6_k119_15879	31758	6.6791	6.6791	64.9384
bin.6_k119_20987	114659	16.2473	16.2473	5428.42
bin.6_k119_16825	27365	55.0384	55.0384	16317.2
bin.6_k119_18520	87227	12.3855	12.3855	1326.81
bin.6_k119_15891	9052	16.5982	16.5982	331.948
bin.6_k119_7672	44331	44.8386	44.8386	12238.5
bin.6_k119_21034	78273	35.5764	35.5764	44923.3
bin.6_k119_8921	19763	30.7221	30.7221	440.952
bin.6_k119_15893	137693	99.2547	99.2547	98926.4
bin.6_k119_15896	18015	4.55287	4.55287	41.7794
bin.6_k119_19175	49624	80.5068	80.5068	97855.8
bin.6_k119_13957	24193	49.2732	49.2732	8433.63
bin.6_k119_19362	15971	6.11731	6.11731	58.8399
bin.6_k119_13996	9695	19.8261	19.8261	1315.89
bin.6_k119_14044	3638	25.5419	25.5419	1386.04
bin.6_k119_21709	11759	9.33732	9.33732	65.2006
bin.6_k119_13417	16271	8.98251	8.98251	66.0658
bin.6_k119_13428	13801	19.7676	19.7676	294.759
bin.6_k119_19530	47768	25.5485	25.5485	2277.53
bin.6_k119_12624	12909	16.2159	16.2159	804.228
bin.6_k119_12658	6838	1.45918	1.45918	5.79709
bin.6_k119_12715	4570	12.455	12.455	259.279
bin.6_k119_18750	104413	60.3705	60.3705	44907.8
bin.6_k119_9641	37141	133.428	133.428	246066
bin.6_k119_9765	36412	48.0493	48.0493	6197.27
bin.6_k119_21849	23820	103.804	103.804	663014
bin.6_k119_12768	67933	18.5776	18.5776	2463.91
bin.6_k119_12769	11727	4.31096	4.31096	235.119
bin.6_k119_12779	114299	45.3414	45.3414	26399.5
bin.6_k119_21899	4939	1.75945	1.75945	6.28967
bin.7_k119_616	3172	0	0	0
bin.7_k119_17138	5842	0.172874	0.172874	0.17816
bin.7_k119_20189	8641	0.151101	0.151101	0.328752
bin.7_k119_3100	30899	0.131744	0.131744	0.186357
bin.7_k119_15384	7677	0	0	0
bin.7_k119_14810	13280	0.103656	0.103656	0.143644
bin.7_k119_3771	4250	0.0339024	0.0339024	0.0327588
bin.7_k119_18478	58703	0.217854	0.217854	0.948503
bin.7_k119_16654	4750	0.433696	0.433696	3.35721
bin.7_k119_3309	10348	2.59963	2.59963	387.429
bin.7_k119_185	8088	0.0498866	0.0498866	0.0474159
bin.7_k119_17174	9828	0.424365	0.424365	2.58956
bin.7_k119_11938	16800	0.0153754	0.0153754	0.0151336
bin.7_k119_17234	4687	0.0326207	0.0326207	0.0315633
bin.7_k119_9859	2523	0	0	0
bin.7_k119_14565	34666	0.213524	0.213524	0.777521
bin.7_k119_6545	4146	0	0	0
bin.7_k119_10775	4700	0.0254945	0.0254945	0.0248487
bin.7_k119_12544	2874	0.686123	0.686123	1.57494
bin.7_k119_15671	5013	0.444582	0.444582	2.63169
bin.7_k119_20568	6042	0	0	0
bin.7_k119_12172	5921	0.509444	0.509444	1.49265
bin.7_k119_7574	13567	1.47909	1.47909	10.9171
bin.7_k119_16883	8348	0.159673	0.159673	0.727046
bin.7_k119_21037	5224	0.128695	0.128695	0.212687
bin.7_k119_17028	4671	0.0948905	0.0948905	0.0859039
bin.7_k119_10961	9973	0.0872442	0.0872442	0.112816
bin.7_k119_19281	26295	0.146338	0.146338	0.209645
bin.7_k119_18815	5132	0.0258932	0.0258932	0.0252279
bin.7_k119_18867	3712	0.557833	0.557833	15.8833
bin.7_k119_9763	4905	0.0626709	0.0626709	0.11597
bin.8_k119_19005	48321	0.0376575	0.0376575	0.0586986
bin.8_k119_20207	192484	0.135374	0.135374	0.499402
bin.8_k119_18167	40877	0.0519312	0.0519312	0.0723583
bin.8_k119_12361	43386	0.0329355	0.0329355	0.03746
bin.8_k119_4397	309012	0.0580033	0.0580033	0.157107
bin.8_k119_12137	405968	0.0836089	0.0836089	0.319134
bin.8_k119_15685	52666	0.061467	0.061467	0.102154
bin.8_k119_6676	220634	0.100003	0.100003	0.845208
bin.8_k119_18480	882391	0.100055	0.100055	0.491274
bin.8_k119_21533	91676	0.0216769	0.0216769	0.0235054
bin.8_k119_16917	6676	0.0197671	0.0197671	0.0193786
bin.8_k119_18616	483423	0.0780511	0.0780511	0.252316
bin.8_k119_18628	52371	0.0405967	0.0405967	0.0625614
bin.8_k119_9548	912417	0.0687365	0.0687365	0.20879
bin.8_k119_18884	158761	0.0809969	0.0809969	0.134502
bin.9_k119_14081	3888	0.0992509	0.0992509	0.0894272
bin.9_k119_15315	10770	0.0490584	0.0490584	0.0466574
bin.9_k119_8599	4034	0.228888	0.228888	0.295001
bin.9_k119_15333	6789	0.117638	0.117638	0.758832
bin.9_k119_14723	5571	0.106069	0.106069	0.116604
bin.9_k119_15373	9584	0.397604	0.397604	1.05717
bin.9_k119_12903	11198	0.125362	0.125362	0.190218
bin.9_k119_12909	7161	0.0510626	0.0510626	0.080421
bin.9_k119_1976	7318	0.0366908	0.0366908	0.0688352
bin.9_k119_13640	3291	0.392869	0.392869	0.479342
bin.9_k119_14406	18912	0.0431191	0.0431191	0.0655547
bin.9_k119_11919	4098	0	0	0
bin.9_k119_17201	5123	0	0	0
bin.9_k119_17211	4664	0.0316792	0.0316792	0.0306825
bin.9_k119_2738	4581	0	0	0
bin.9_k119_20838	9112	0.0540058	0.0540058	0.0511038
bin.9_k119_18071	4269	0.463705	0.463705	0.862174
bin.9_k119_1421	2798	0.0804381	0.0804381	0.0996851
bin.9_k119_5695	13071	0.0245337	0.0245337	0.0239334
bin.9_k119_5708	7997	0.0381037	0.0381037	0.0366623
bin.9_k119_431	4549	0	0	0
bin.9_k119_6349	4042	0.0544707	0.0544707	0.0515151
bin.9_k119_19799	2584	0.093673	0.093673	0.0849328
bin.9_k119_11253	5244	0.115626	0.115626	0.108951
bin.9_k119_16756	6194	0.0203508	0.0203508	0.019939
bin.9_k119_1558	4678	0.183083	0.183083	0.25342
bin.9_k119_15443	13366	2.30698	2.30698	211.387
bin.9_k119_8266	3086	1.69789	1.69789	14.8119
bin.9_k119_2356	3514	0.0344828	0.0344828	0.0333046
bin.9_k119_7004	4137	0.0862804	0.0862804	0.127527
bin.9_k119_2394	3268	0.329699	0.329699	0.734985
bin.9_k119_9428	3677	0.266232	0.266232	0.553323
bin.9_k119_9450	4845	2.66794	2.66794	113.666
bin.9_k119_9886	4667	0	0	0
bin.9_k119_2981	7747	0.229301	0.229301	0.93463
bin.9_k119_14503	9905	0.0696053	0.0696053	0.0647681
bin.9_k119_19070	6798	0.0354994	0.0354994	0.0342451
bin.9_k119_17655	4857	0	0	0
bin.9_k119_14590	7134	0	0	0
bin.9_k119_15607	16528	0.184882	0.184882	0.289922
bin.9_k119_15627	5050	0.0206122	0.0206122	0.0201919
bin.9_k119_6650	3428	0.173581	0.173581	0.327818
bin.9_k119_10767	4492	0	0	0
bin.9_k119_9470	5554	0.260178	0.260178	2.27359
bin.9_k119_7210	4667	0.220722	0.220722	0.909413
bin.9_k119_7248	5980	0.0358491	0.0358491	0.0345675
bin.9_k119_9507	4615	0.0315789	0.0315789	0.0305851
bin.9_k119_21500	9952	0.156703	0.156703	0.304596
bin.9_k119_10241	8496	0.050683	0.050683	0.0481181
bin.9_k119_14685	4402	0	0	0
bin.9_k119_20766	15468	0.0504635	0.0504635	0.0967622
bin.9_k119_8752	3347	0	0	0
bin.9_k119_16833	4292	0	0	0
bin.9_k119_6689	14299	0.0277051	0.0277051	0.0443387
bin.9_k119_8927	6273	0.0734934	0.0734934	0.0788849
bin.9_k119_21121	6891	0.0280374	0.0280374	0.0272613
bin.9_k119_9082	5403	0	0	0
bin.9_k119_17100	4889	0	0	0
bin.9_k119_18608	6444	0	0	0
bin.9_k119_21278	3892	0	0	0
bin.9_k119_7818	2542	0.120401	0.120401	0.18625
bin.9_k119_13368	26932	0.121836	0.121836	0.19984
bin.9_k119_13380	3679	0.0660244	0.0660244	0.0616818
bin.9_k119_13439	3429	0.0243977	0.0243977	0.0238096
bin.9_k119_12633	5952	0.40848	0.40848	1.09566
bin.9_k119_12722	8801	0.121836	0.121836	0.774094
