contigName	contigLen	totalAvgDepth	SRR10420349_mapped_all.sorted.bam	SRR10420349_mapped_all.sorted.bam-var
bin.10_k119_5632	152316	57.2982	57.2982	7251.4
bin.10_k119_5721	132952	53.1853	53.1853	2467.68
bin.10_k119_21425	284226	57.8033	57.8033	2109.7
bin.10_k119_19083	306152	53.9708	53.9708	3913.85
bin.10_k119_12557	773930	54.1113	54.1113	2445.98
bin.10_k119_18674	93269	58.5339	58.5339	2810.68
bin.11_k119_4909	24933	13.5938	13.5938	762.601
bin.11_k119_8676	128582	20.7461	20.7461	1269.61
bin.11_k119_16677	175161	17.3358	17.3358	1009.85
bin.11_k119_15397	267875	21.9998	21.9998	3031.34
bin.11_k119_5266	74233	18.5158	18.5158	967.134
bin.11_k119_6978	122937	21.7284	21.7284	1063.9
bin.11_k119_3866	32231	15.7925	15.7925	786.752
bin.11_k119_16243	475918	18.2362	18.2362	1308.38
bin.11_k119_20907	477987	20.47	20.47	1360.62
bin.11_k119_10055	133083	18.4909	18.4909	715.554
bin.11_k119_21445	410659	18.2854	18.2854	1080.5
bin.11_k119_8424	90064	17.9446	17.9446	920.433
bin.11_k119_7274	45349	25.6381	25.6381	1201.72
bin.11_k119_19950	362497	25.5852	25.5852	3566.92
bin.11_k119_15818	14906	17.6416	17.6416	3362.25
bin.11_k119_16892	65691	16.6911	16.6911	929.058
bin.11_k119_9534	382089	17.5447	17.5447	976.267
bin.11_k119_7776	218951	21.1402	21.1402	1850.61
bin.12_k119_9809	27573	552.068	552.068	60800.3
bin.12_k119_21412	52147	477.193	477.193	119405
bin.12_k119_15927	63942	576.925	576.925	273597
bin.12_k119_11668	49663	543.159	543.159	278479
bin.12_k119_4382	108200	524.458	524.458	137078
bin.12_k119_1384	165383	473.888	473.888	116119
bin.12_k119_12270	403395	491.623	491.623	118710
bin.12_k119_12319	13881	559.371	559.371	112705
bin.12_k119_14951	334406	495.406	495.406	125384
bin.12_k119_10662	271770	484.91	484.91	90631
bin.12_k119_12950	430295	483.534	483.534	47083.9
bin.12_k119_11424	93574	528.373	528.373	452557
bin.12_k119_19927	165803	500.118	500.118	64480.4
bin.12_k119_4485	64840	479.272	479.272	35637.2
bin.12_k119_11449	82312	579.27	579.27	42818.2
bin.12_k119_10736	173595	483.663	483.663	47025.1
bin.12_k119_8724	519753	524.198	524.198	108022
bin.12_k119_16764	49119	637.122	637.122	169928
bin.12_k119_10835	45079	499.123	499.123	65184.7
bin.12_k119_13254	159515	562.781	562.781	134366
bin.12_k119_13305	127994	496.87	496.87	114237
bin.12_k119_21315	7379	648.612	648.612	61144.1
bin.12_k119_12631	243422	500.792	500.792	61099.6
bin.12_k119_18940	5227	648.29	648.29	210615
bin.12_k119_12764	141502	521.078	521.078	140363
bin.13_k119_11638	23617	6.93054	6.93054	260.129
bin.13_k119_6745	141287	8.81779	8.81779	454.002
bin.13_k119_21413	108847	8.30279	8.30279	429.644
bin.13_k119_4955	125761	9.69929	9.69929	532.323
bin.13_k119_20303	105258	12.0621	12.0621	767.125
bin.13_k119_19035	490590	9.01656	9.01656	561.901
bin.13_k119_15073	107635	9.87513	9.87513	803.221
bin.13_k119_12196	28431	24.1865	24.1865	1571.61
bin.13_k119_16404	343296	8.60032	8.60032	324.919
bin.13_k119_13078	145737	10.6949	10.6949	400.417
bin.13_k119_14067	189036	10.409	10.409	524.117
bin.13_k119_21793	165605	8.83843	8.83843	1202.14
bin.13_k119_12745	406848	8.48945	8.48945	347.31
bin.14_k119_17981	105637	9.344	9.344	200.453
bin.14_k119_1502	16657	9.30805	9.30805	266.174
bin.14_k119_3860	15484	7.8892	7.8892	166.155
bin.14_k119_15564	84810	11.6922	11.6922	287.622
bin.14_k119_17550	191528	7.62082	7.62082	169.658
bin.14_k119_20371	74760	9.39369	9.39369	258.462
bin.14_k119_15661	97764	7.19495	7.19495	131.746
bin.14_k119_20986	15230	5.41459	5.41459	100.884
bin.14_k119_14645	286147	8.28171	8.28171	203.409
bin.14_k119_3876	602759	7.66996	7.66996	169.647
bin.14_k119_19112	448326	8.8132	8.8132	191.665
bin.14_k119_15276	587615	8.88331	8.88331	193.752
bin.14_k119_18583	287651	8.02157	8.02157	185.372
bin.14_k119_21713	499264	7.28739	7.28739	151.204
bin.14_k119_12791	105635	9.14143	9.14143	183.94
bin.14_k119_21854	1.17529e+06	7.70352	7.70352	196.649
bin.14_k119_21907	112606	5.20696	5.20696	93.4264
bin.15_k119_2097	21782	72.1015	72.1015	31935.4
bin.15_k119_9466	244176	69.1073	69.1073	12259.3
bin.15_k119_12968	453576	62.2818	62.2818	6876.43
bin.15_k119_8727	149726	65.6518	65.6518	30083.3
bin.15_k119_13821	859775	62.8228	62.8228	10921.5
bin.15_k119_17126	470346	60.5694	60.5694	6524.8
bin.1_k119_6508	251506	408.098	408.098	126380
bin.1_k119_21897	2.41251e+06	393.341	393.341	42872.1
bin.2_k119_12908	9247	56.7018	56.7018	6316.78
bin.2_k119_4392	118443	55.8838	55.8838	3521.37
bin.2_k119_13677	108031	65.5785	65.5785	6215.72
bin.2_k119_9834	327643	62.5013	62.5013	3740
bin.2_k119_14458	312425	61.3712	61.3712	4037.98
bin.3_k119_15936	27797	20.7059	20.7059	4019.41
bin.3_k119_3792	79729	13.4542	13.4542	712.482
bin.3_k119_19701	228527	20.796	20.796	2210.95
bin.3_k119_6867	25986	40.9452	40.9452	17514.3
bin.3_k119_9190	194789	75.5716	75.5716	66002.7
bin.3_k119_11286	66744	19.9886	19.9886	1159.44
bin.3_k119_15580	83245	38.0255	38.0255	4777.24
bin.3_k119_7355	913651	28.0084	28.0084	3433.68
bin.3_k119_16760	603334	18.7575	18.7575	3165.59
bin.3_k119_10807	298608	35.0683	35.0683	10368.3
bin.3_k119_21656	343659	40.6844	40.6844	155799
bin.3_k119_12603	265969	35.2423	35.2423	7439.91
bin.3_k119_12755	206963	20.6534	20.6534	3181.51
bin.4_k119_14186	24278	4.29435	4.29435	113.647
bin.4_k119_17144	201887	4.17152	4.17152	135.574
bin.4_k119_8688	17993	14.228	14.228	2453.29
bin.5_k119_7964	4098	16.9886	16.9886	726.967
bin.5_k119_18375	16381	16.9168	16.9168	1259.52
bin.5_k119_13556	18145	3.85368	3.85368	76.6566
bin.5_k119_86	52945	5.32164	5.32164	469.664
bin.5_k119_8090	29675	16.9884	16.9884	4525.75
bin.5_k119_9183	139042	7.31175	7.31175	316.33
bin.5_k119_3250	11603	3.22701	3.22701	74.466
bin.5_k119_3311	2996	6.79831	6.79831	137.494
bin.5_k119_1973	96270	4.72184	4.72184	379.941
bin.5_k119_213	3573	2.3196	2.3196	32.6154
bin.5_k119_226	22481	11.2367	11.2367	380.246
bin.5_k119_20815	261053	8.44174	8.44174	1633.02
bin.5_k119_6838	60232	6.31653	6.31653	170.447
bin.5_k119_8162	109633	8.90409	8.90409	296.307
bin.5_k119_2086	15654	2.18569	2.18569	56.7558
bin.5_k119_6919	20857	3.77346	3.77346	88.8566
bin.5_k119_11982	81993	7.64702	7.64702	710.466
bin.5_k119_3854	106726	5.02979	5.02979	139.121
bin.5_k119_20869	84331	3.67933	3.67933	151.502
bin.5_k119_1107	30212	3.90759	3.90759	123.415
bin.5_k119_8185	101968	3.66783	3.66783	102.109
bin.5_k119_9197	46593	3.86571	3.86571	127.578
bin.5_k119_12107	3646	0.14159	0.14159	0.213117
bin.5_k119_8709	194016	3.69337	3.69337	112.645
bin.5_k119_2934	103688	4.96689	4.96689	184.554
bin.5_k119_3862	154420	2.63421	2.63421	62.8034
bin.5_k119_12405	29049	8.70352	8.70352	281.399
bin.5_k119_13762	281485	5.25529	5.25529	204.255
bin.5_k119_14591	4199	1.91924	1.91924	12.9068
bin.5_k119_6592	50274	6.84131	6.84131	405.447
bin.5_k119_7163	193291	3.64865	3.64865	93.1665
bin.5_k119_8414	277131	4.0424	4.0424	141.222
bin.5_k119_4591	68472	4.05645	4.05645	102.202
bin.5_k119_20507	128861	2.76235	2.76235	71.7567
bin.5_k119_21452	16537	2.53097	2.53097	189.333
bin.5_k119_20588	70283	3.25767	3.25767	68.2597
bin.5_k119_20941	88677	8.17003	8.17003	329.016
bin.5_k119_20156	4407	8.44703	8.44703	147.476
bin.5_k119_4801	283799	5.19079	5.19079	292.02
bin.5_k119_6677	184609	4.1361	4.1361	122.948
bin.5_k119_10920	38687	7.73939	7.73939	425.462
bin.5_k119_10947	92350	3.08975	3.08975	92.1259
bin.5_k119_10949	36049	1.80144	1.80144	26.1941
bin.5_k119_10952	19086	7.12933	7.12933	3438.67
bin.5_k119_7686	221934	3.81857	3.81857	156.716
bin.5_k119_21210	171754	3.81694	3.81694	130.231
bin.5_k119_21699	13880	4.94516	4.94516	144.682
bin.5_k119_19406	77554	3.40867	3.40867	101.157
bin.5_k119_21402	140034	4.72152	4.72152	180.422
bin.5_k119_21403	64474	2.12947	2.12947	46.5011
bin.5_k119_19560	128978	2.99817	2.99817	74.9049
bin.5_k119_9563	28671	4.61295	4.61295	118.882
bin.5_k119_21820	84361	9.74811	9.74811	1493.77
bin.5_k119_18964	145351	9.1484	9.1484	597.39
bin.5_k119_12771	73443	2.6627	2.6627	64.2997
bin.6_k119_12854	6785	5.44446	5.44446	145.485
bin.6_k119_11034	4888	3.46855	3.46855	43.5942
bin.6_k119_8585	9284	6.02365	6.02365	106
bin.6_k119_1884	25336	9.14452	9.14452	254.015
bin.6_k119_12871	36408	6.15097	6.15097	154.123
bin.6_k119_16591	21900	4.7177	4.7177	101.103
bin.6_k119_14706	48936	9.56391	9.56391	352.978
bin.6_k119_14159	6611	13.1607	13.1607	751.761
bin.6_k119_15362	26003	12.3431	12.3431	450.695
bin.6_k119_8036	33395	9.28401	9.28401	291.493
bin.6_k119_6202	45892	11.7154	11.7154	668.428
bin.6_k119_665	30173	11.5699	11.5699	780.822
bin.6_k119_8647	43696	12.5155	12.5155	919.651
bin.6_k119_1301	31847	8.10581	8.10581	321.262
bin.6_k119_3685	92352	12.7155	12.7155	399.846
bin.6_k119_2574	16817	11.217	11.217	523.53
bin.6_k119_6232	14773	7.92963	7.92963	210.739
bin.6_k119_11112	22603	10.9195	10.9195	548.422
bin.6_k119_3230	16097	11.2022	11.2022	395.714
bin.6_k119_6252	7422	15.5726	15.5726	1032.73
bin.6_k119_16617	31575	8.00907	8.00907	201.918
bin.6_k119_2581	25636	10.8779	10.8779	485.794
bin.6_k119_11115	31812	7.34783	7.34783	177.591
bin.6_k119_179	24107	12.3072	12.3072	469.577
bin.6_k119_21419	15592	4.93187	4.93187	111.892
bin.6_k119_13623	84428	11.2561	11.2561	439.531
bin.6_k119_860	6483	7.46566	7.46566	207.492
bin.6_k119_6835	5144	3.11534	3.11534	45.3955
bin.6_k119_6281	69659	11.7619	11.7619	952.29
bin.6_k119_3379	9180	8.57863	8.57863	300.278
bin.6_k119_11912	16829	4.56748	4.56748	90.1886
bin.6_k119_936	3374	10.6687	10.6687	300.562
bin.6_k119_20234	37931	16.7427	16.7427	1358.78
bin.6_k119_11149	73994	6.12327	6.12327	211.313
bin.6_k119_17999	21187	8.30522	8.30522	311.47
bin.6_k119_5636	37859	22.2435	22.2435	1828.98
bin.6_k119_2721	19398	16.1607	16.1607	1418.92
bin.6_k119_3402	46168	22.176	22.176	40488.2
bin.6_k119_20256	15823	16.3459	16.3459	845.778
bin.6_k119_2071	50595	7.77344	7.77344	216.27
bin.6_k119_11180	28123	18.9247	18.9247	1496.97
bin.6_k119_1022	7706	5.90789	5.90789	126.249
bin.6_k119_11211	5456	6.61855	6.61855	216.337
bin.6_k119_16681	17839	6.43988	6.43988	215.174
bin.6_k119_2810	47440	11.2288	11.2288	411.113
bin.6_k119_9227	6379	7.0289	7.0289	262.418
bin.6_k119_3466	75692	11.5962	11.5962	620.271
bin.6_k119_8202	8577	7.91871	7.91871	301.32
bin.6_k119_20262	120914	12.2797	12.2797	647.879
bin.6_k119_1542	14642	5.51994	5.51994	127.892
bin.6_k119_15427	21695	11.4027	11.4027	492.327
bin.6_k119_607	17487	8.04597	8.04597	308.945
bin.6_k119_9841	86152	19.4212	19.4212	3055.97
bin.6_k119_9292	37191	10.6726	10.6726	350.735
bin.6_k119_3652	3950	19.9687	19.9687	527.831
bin.6_k119_7003	8953	4.43792	4.43792	69.1022
bin.6_k119_8354	32140	11.0901	11.0901	473.611
bin.6_k119_9849	70102	9.57401	9.57401	613.708
bin.6_k119_1813	37608	12.1489	12.1489	399.012
bin.6_k119_7143	24256	15.8505	15.8505	998.654
bin.6_k119_9977	4823	16.7578	16.7578	1394.74
bin.6_k119_10012	33897	12.7349	12.7349	754.696
bin.6_k119_15590	25510	9.92713	9.92713	559.351
bin.6_k119_12475	4174	10.3385	10.3385	379.017
bin.6_k119_12488	42178	8.23439	8.23439	289.998
bin.6_k119_14639	20224	5.9869	5.9869	284.497
bin.6_k119_10760	25788	9.3918	9.3918	342.254
bin.6_k119_12503	43009	11.5473	11.5473	382.091
bin.6_k119_12148	30591	11.3272	11.3272	471.697
bin.6_k119_21478	22769	7.74791	7.74791	209.567
bin.6_k119_20602	30088	9.67677	9.67677	461.406
bin.6_k119_15784	104087	11.8123	11.8123	522.207
bin.6_k119_21526	113271	10.0348	10.0348	345.361
bin.6_k119_12972	43259	49.1069	49.1069	11650.4
bin.6_k119_14683	32772	12.6632	12.6632	804.027
bin.6_k119_20166	24061	4.22839	4.22839	77.9395
bin.6_k119_15879	31758	6.52974	6.52974	162.77
bin.6_k119_20987	114659	10.1642	10.1642	559.248
bin.6_k119_16825	27365	10.889	10.889	702.645
bin.6_k119_18520	87227	12.4943	12.4943	532.452
bin.6_k119_15891	9052	15.5512	15.5512	1158.07
bin.6_k119_7672	44331	11.5005	11.5005	469.326
bin.6_k119_21034	78273	8.06421	8.06421	429.302
bin.6_k119_8921	19763	10.6134	10.6134	363.611
bin.6_k119_15893	137693	19.1295	19.1295	2114.08
bin.6_k119_15896	18015	7.75556	7.75556	204.037
bin.6_k119_19175	49624	12.9597	12.9597	812.256
bin.6_k119_13957	24193	12.1721	12.1721	366.216
bin.6_k119_19362	15971	8.69793	8.69793	348.764
bin.6_k119_13996	9695	18.2089	18.2089	756.538
bin.6_k119_14044	3638	10.8759	10.8759	283.01
bin.6_k119_21709	11759	7.34577	7.34577	239.213
bin.6_k119_13417	16271	4.84027	4.84027	98.745
bin.6_k119_13428	13801	8.27632	8.27632	186.158
bin.6_k119_19530	47768	9.65122	9.65122	315.032
bin.6_k119_12624	12909	5.81425	5.81425	117.913
bin.6_k119_12658	6838	4.38068	4.38068	72.3047
bin.6_k119_12715	4570	7.57738	7.57738	202.123
bin.6_k119_18750	104413	13.4781	13.4781	984.663
bin.6_k119_9641	37141	15.3839	15.3839	1510.34
bin.6_k119_9765	36412	11.3222	11.3222	464.078
bin.6_k119_21849	23820	14.8445	14.8445	1442.72
bin.6_k119_12768	67933	6.50324	6.50324	162.32
bin.6_k119_12769	11727	10.2083	10.2083	278.849
bin.6_k119_12779	114299	11.2418	11.2418	461.712
bin.6_k119_21899	4939	7.58384	7.58384	182.509
bin.7_k119_616	3172	0	0	0
bin.7_k119_17138	5842	0.127899	0.127899	0.402545
bin.7_k119_20189	8641	0.519962	0.519962	5.67784
bin.7_k119_3100	30899	0.406355	0.406355	7.12642
bin.7_k119_15384	7677	0.181214	0.181214	1.6544
bin.7_k119_14810	13280	0.0699924	0.0699924	0.488591
bin.7_k119_3771	4250	2.07902	2.07902	125.154
bin.7_k119_18478	58703	0.294485	0.294485	4.69043
bin.7_k119_16654	4750	0.061087	0.061087	0.0573717
bin.7_k119_3309	10348	0.441067	0.441067	5.42819
bin.7_k119_185	8088	0.352986	0.352986	5.66912
bin.7_k119_17174	9828	0.0681959	0.0681959	0.194996
bin.7_k119_11938	16800	0.512012	0.512012	17.0124
bin.7_k119_17234	4687	0	0	0
bin.7_k119_9859	2523	0	0	0
bin.7_k119_14565	34666	0.445967	0.445967	8.578
bin.7_k119_6545	4146	0.897648	0.897648	12.3947
bin.7_k119_10775	4700	0.0558242	0.0558242	0.108553
bin.7_k119_12544	2874	0.260646	0.260646	1.04179
bin.7_k119_15671	5013	0.655974	0.655974	5.55437
bin.7_k119_20568	6042	0.153938	0.153938	0.826022
bin.7_k119_12172	5921	0.0374285	0.0374285	0.0530197
bin.7_k119_7574	13567	1.12767	1.12767	21.6995
bin.7_k119_16883	8348	0	0	0
bin.7_k119_21037	5224	0	0	0
bin.7_k119_17028	4671	0.00796284	0.00796284	0.00790262
bin.7_k119_10961	9973	0.0808307	0.0808307	0.366541
bin.7_k119_19281	26295	0.687474	0.687474	15.9704
bin.7_k119_18815	5132	0.0258932	0.0258932	0.0252282
bin.7_k119_18867	3712	0.640371	0.640371	9.87154
bin.7_k119_9763	4905	0.34511	0.34511	4.84786
bin.8_k119_19005	48321	6.065	6.065	158.589
bin.8_k119_20207	192484	7.37848	7.37848	193.246
bin.8_k119_18167	40877	7.20667	7.20667	198.188
bin.8_k119_12361	43386	7.51855	7.51855	169.773
bin.8_k119_4397	309012	6.98249	6.98249	200.021
bin.8_k119_12137	405968	7.06763	7.06763	146.71
bin.8_k119_15685	52666	6.98699	6.98699	156.822
bin.8_k119_6676	220634	7.95123	7.95123	251.913
bin.8_k119_18480	882391	7.66351	7.66351	192.319
bin.8_k119_21533	91676	6.80797	6.80797	164.984
bin.8_k119_16917	6676	5.42384	5.42384	84.9665
bin.8_k119_18616	483423	7.05522	7.05522	235.312
bin.8_k119_18628	52371	6.09176	6.09176	115.314
bin.8_k119_9548	912417	6.89441	6.89441	165.812
bin.8_k119_18884	158761	6.81629	6.81629	150.48
bin.9_k119_14081	3888	1.32986	1.32986	19.8589
bin.9_k119_15315	10770	0.643785	0.643785	27.2024
bin.9_k119_8599	4034	2.35582	2.35582	115.816
bin.9_k119_15333	6789	0.0902244	0.0902244	0.120342
bin.9_k119_14723	5571	0	0	0
bin.9_k119_15373	9584	0.657621	0.657621	7.40306
bin.9_k119_12903	11198	0.0449855	0.0449855	0.0616046
bin.9_k119_12909	7161	1.23563	1.23563	36.3521
bin.9_k119_1976	7318	0.0495257	0.0495257	0.0562781
bin.9_k119_13640	3291	0.716332	0.716332	11.8517
bin.9_k119_14406	18912	0.043812	0.043812	0.341253
bin.9_k119_11919	4098	0	0	0
bin.9_k119_17201	5123	0	0	0
bin.9_k119_17211	4664	0.0775366	0.0775366	0.149081
bin.9_k119_2738	4581	0	0	0
bin.9_k119_20838	9112	0.934501	0.934501	28.9422
bin.9_k119_18071	4269	0.347172	0.347172	2.90389
bin.9_k119_1421	2798	0.0562689	0.0562689	0.0531164
bin.9_k119_5695	13071	0.554369	0.554369	15.0882
bin.9_k119_5708	7997	0	0	0
bin.9_k119_431	4549	0.0416004	0.0416004	0.0398739
bin.9_k119_6349	4042	0.28777	0.28777	1.20024
bin.9_k119_19799	2584	0	0	0
bin.9_k119_11253	5244	0.06596	0.06596	0.127584
bin.9_k119_16756	6194	0	0	0
bin.9_k119_1558	4678	0.13803	0.13803	0.424282
bin.9_k119_15443	13366	0.806749	0.806749	18.1041
bin.9_k119_8266	3086	0.433242	0.433242	5.57442
bin.9_k119_2356	3514	0.0312128	0.0312128	0.0302479
bin.9_k119_7004	4137	1.54151	1.54151	43.1005
bin.9_k119_2394	3268	0	0	0
bin.9_k119_9428	3677	1.67508	1.67508	49.1588
bin.9_k119_9450	4845	0.476464	0.476464	3.46744
bin.9_k119_9886	4667	0	0	0
bin.9_k119_2981	7747	0.230749	0.230749	1.53663
bin.9_k119_14503	9905	0.440492	0.440492	7.08328
bin.9_k119_19070	6798	0.149218	0.149218	0.682461
bin.9_k119_17655	4857	0.253452	0.253452	1.80173
bin.9_k119_14590	7134	0.0229095	0.0229095	0.0223822
bin.9_k119_15607	16528	0.564477	0.564477	13.09
bin.9_k119_15627	5050	0.924694	0.924694	26.0414
bin.9_k119_6650	3428	0.0738255	0.0738255	0.137974
bin.9_k119_10767	4492	1.11308	1.11308	13.5003
bin.9_k119_9470	5554	0.0425611	0.0425611	0.0807331
bin.9_k119_7210	4667	0.02236	0.02236	0.0218674
bin.9_k119_7248	5980	0.234991	0.234991	1.94068
bin.9_k119_9507	4615	0	0	0
bin.9_k119_21500	9952	0.253724	0.253724	3.41642
bin.9_k119_10241	8496	0.00515217	0.00515217	0.00512624
bin.9_k119_14685	4402	1.07314	1.07314	28.9208
bin.9_k119_20766	15468	0.124168	0.124168	1.27426
bin.9_k119_8752	3347	0	0	0
bin.9_k119_16833	4292	0	0	0
bin.9_k119_6689	14299	0.321648	0.321648	4.66378
bin.9_k119_8927	6273	0	0	0
bin.9_k119_21121	6891	0.365228	0.365228	3.99065
bin.9_k119_9082	5403	0.0711974	0.0711974	0.0722322
bin.9_k119_17100	4889	0	0	0
bin.9_k119_18608	6444	0.0198602	0.0198602	0.0194697
bin.9_k119_21278	3892	0	0	0
bin.9_k119_7818	2542	0	0	0
bin.9_k119_13368	26932	0.679561	0.679561	13.266
bin.9_k119_13380	3679	0.02862	0.02862	0.0278071
bin.9_k119_13439	3429	0	0	0
bin.9_k119_12633	5952	0.0941055	0.0941055	0.444853
bin.9_k119_12722	8801	0.0536354	0.0536354	0.104398
